[-50.86 0.0]
[-50.81 0.0]
[-50.76 0.0]
[-50.69 0.0]
[-50.63 0.0]
[-50.57 0.0]
[-50.51 0.0]
[-50.46 0.0]
[-50.4 -0.0]
[-50.35 -0.0]
[-50.32 -0.0]
[-50.26 -0.0]
[-50.21 0.0]
[-50.16 0.0]
[-50.11 0.0]
[-50.05 0.0]
[-50.02 0.0]
[-49.99 0.0]
[-49.96 0.0]
[-49.92 0.0]
[-49.9 0.0]
[-49.87 0.0]
[-49.82 0.0]
[-49.77 0.0]
[-49.71 0.0]
[-49.66 0.0]
[-49.62 0.0]
[-49.59 0.0]
[-49.55 -0.0]
[-49.5 -0.0]
[-49.47 -0.0]
[-49.45 -0.0]
[-49.41 -0.0]
[-49.37 -0.0]
[-49.33 -0.0]
[-49.31 -0.0]
[-49.27 -0.0]
[-49.24 -0.0]
[-49.23 -0.0]
[-49.2 -0.0]
[-49.14 -0.0]
[-49.1 -0.0]
[-49.07 -0.0]
[-49.02 0.0]
[-49.0 0.0]
[-48.95 -0.0]
[-48.92 -0.0]
[-48.9 -0.0]
[-48.85 -0.0]
[-48.82 -0.0]
[-48.77 -0.0]
[-48.74 -0.0]
[-48.7 -0.0]
[-48.66 -0.0]
[-48.63 -0.0]
[-48.59 -0.0]
[-48.55 -0.0]
[-48.51 -0.0]
[-48.48 -0.0]
[-48.46 -0.0]
[-48.44 -0.0]
[-48.4 -0.0]
[-48.37 -0.0]
[-48.32 -0.0]
[-48.3 -0.0]
[-48.26 -0.0]
[-48.25 -0.0]
[-48.22 0.0]
[-48.19 -0.0]
[-48.15 -0.0]
[-48.11 -0.0]
[-48.09 -0.0]
[-48.06 -0.0]
[-48.03 -0.0]
[-48.0 -0.0]
[-47.93 -0.0]
[-47.91 -0.0]
[-47.86 0.0]
[-47.84 -0.0]
[-47.81 0.0]
[-47.78 -0.0]
[-47.75 0.0]
[-47.74 0.0]
[-47.7 0.0]
[-47.67 0.0]
[-47.64 0.0]
[-47.61 0.0]
[-47.58 0.0]
[-47.55 0.0]
[-47.53 0.0]
[-47.49 0.0]
[-47.47 0.0]
[-47.46 0.0]
[-47.4 0.0]
[-47.38 -0.0]
[-47.36 -0.0]
[-47.33 -0.0]
[-47.27 0.0]
[-47.25 0.0]
[-47.22 -0.0]
[-47.18 -0.0]
[-47.17 -0.0]
[-47.14 0.0]
[-47.13 0.0]
[-47.1 0.0]
[-47.05 0.0]
[-47.02 0.0]
[-46.99 0.0]
[-46.96 0.0]
[-46.93 -0.0]
[-46.9 0.0]
[-46.86 -0.0]
[-46.82 -0.0]
[-46.78 -0.0]
[-46.76 -0.0]
[-46.73 -0.0]
[-46.68 -0.0]
[-46.64 -0.0]
[-46.62 -0.0]
[-46.6 0.0]
[-46.57 0.0]
[-46.54 0.0]
[-46.51 0.0]
[-46.47 0.0]
[-46.44 0.0]
[-46.41 0.0]
[-46.37 0.0]
[-46.33 0.0]
[-46.29 0.0]
[-46.26 0.0]
[-46.23 0.0]
[-46.19 0.0]
[-46.17 0.0]
[-46.14 0.0]
[-46.11 0.0]
[-46.08 0.0]
[-46.07 0.0]
[-46.03 0.0]
[-45.99 0.0]
[-45.96 0.0]
[-45.94 0.0]
[-45.91 0.0]
[-45.89 0.0]
[-45.86 0.0]
[-45.84 0.0]
[-45.82 0.0]
[-45.78 0.0]
[-45.74 0.0]
[-45.71 0.0]
[-45.71 0.0]
[-45.68 0.0]
[-45.64 0.0]
[-45.61 0.0]
[-45.59 0.0]
[-45.56 0.0]
[-45.53 0.0]
[-45.49 0.0]
[-45.47 0.0]
[-45.45 -0.0]
[-45.42 -0.0]
[-45.39 -0.0]
[-45.36 -0.0]
[-45.34 -0.0]
[-45.31 0.0]
[-45.26 -0.0]
[-45.22 -0.0]
[-45.2 -0.0]
[-45.19 -0.0]
[-45.14 -0.0]
[-45.11 -0.0]
[-45.09 -0.0]
[-45.06 -0.0]
[-45.04 -0.0]
[-45.02 0.0]
[-44.99 0.0]
[-44.98 0.0]
[-44.94 0.0]
[-44.92 0.0]
[-44.89 -0.0]
[-44.86 -0.0]
[-44.83 0.0]
[-44.79 -0.0]
[-44.74 0.0]
[-44.71 0.0]
[-44.66 0.0]
[-44.63 0.0]
[-44.6 0.0]
[-44.56 0.0]
[-44.54 0.0]
[-44.52 0.0]
[-44.48 0.0]
[-44.44 0.0]
[-44.4 0.0]
[-44.38 0.0]
[-44.35 0.0]
[-44.32 0.0]
[-44.29 0.0]
[-44.25 0.0]
[-44.22 0.0]
[-44.19 0.0]
[-44.16 0.0]
[-44.11 0.0]
[-44.07 0.0]
[-44.05 0.0]
[-44.03 0.0]
[-44.0 0.0]
[-43.95 0.0]
[-43.92 0.0]
[-43.9 0.0]
[-43.85 0.0]
[-43.81 0.0]
[-43.79 0.0]
[-43.76 0.0]
[-43.72 0.0]
[-43.7 0.0]
[-43.67 0.0]
[-43.63 0.0]
[-43.6 0.0]
[-43.57 0.0]
[-43.53 -0.0]
[-43.49 -0.0]
[-43.46 -0.0]
[-43.42 -0.0]
[-43.39 0.0]
[-43.35 0.0]
[-43.32 0.0]
[-43.31 0.0]
[-43.28 0.0]
[-43.25 -0.0]
[-43.21 -0.0]
[-43.18 0.0]
[-43.17 0.0]
[-43.13 -0.0]
[-43.09 -0.0]
[-43.06 -0.0]
[-43.03 -0.0]
[-43.01 0.0]
[-42.98 0.0]
[-42.96 0.0]
[-42.93 0.0]
[-42.89 0.0]
[-42.85 0.0]
[-42.81 0.0]
[-42.79 -0.0]
[-42.77 0.0]
[-42.74 0.0]
[-42.73 0.0]
[-42.7 -0.0]
[-42.65 -0.0]
[-42.6 -0.0]
[-42.59 0.0]
[-42.56 0.0]
[-42.52 0.0]
[-42.5 0.0]
[-42.45 0.0]
[-42.41 0.0]
[-42.39 0.0]
[-42.35 0.0]
[-42.31 0.0]
[-42.28 0.0]
[-42.26 0.0]
[-42.24 0.0]
[-42.23 0.0]
[-42.2 0.0]
[-42.16 0.0]
[-42.13 0.0]
[-42.1 -0.0]
[-42.08 -0.0]
[-42.04 -0.0]
[-42.0 -0.0]
[-41.97 -0.0]
[-41.92 0.0]
[-41.9 0.0]
[-41.87 0.0]
[-41.86 -0.0]
[-41.81 -0.0]
[-41.78 0.0]
[-41.75 0.0]
[-41.7 0.0]
[-41.69 0.0]
[-41.66 0.0]
[-41.64 0.0]
[-41.6 0.0]
[-41.57 0.0]
[-41.53 0.0]
[-41.5 0.0]
[-41.47 0.0]
[-41.44 0.0]
[-41.42 0.0]
[-41.38 0.0]
[-41.34 0.0]
[-41.32 0.0]
[-41.29 0.0]
[-41.27 0.0]
[-41.23 0.0]
[-41.18 0.0]
[-41.14 0.0]
[-41.1 0.0]
[-41.07 -0.0]
[-41.03 0.0]
[-41.01 0.0]
[-40.97 0.0]
[-40.95 0.0]
[-40.91 0.0]
[-40.88 -0.0]
[-40.86 0.0]
[-40.85 -0.0]
[-40.81 -0.0]
[-40.79 -0.0]
[-40.76 -0.0]
[-40.72 -0.0]
[-40.68 -0.0]
[-40.65 -0.0]
[-40.62 0.0]
[-40.59 0.0]
[-40.56 0.0]
[-40.52 0.0]
[-40.5 0.0]
[-40.47 0.0]
[-40.44 0.0]
[-40.42 0.0]
[-40.38 0.0]
[-40.35 0.0]
[-40.34 -0.0]
[-40.3 0.0]
[-40.28 -0.0]
[-40.26 -0.0]
[-40.22 -0.0]
[-40.2 -0.0]
[-40.16 -0.0]
[-40.14 -0.0]
[-40.12 -0.0]
[-40.1 -0.0]
[-40.08 -0.0]
[-40.06 -0.0]
[-40.03 -0.0]
[-40.01 -0.0]
[-39.97 -0.0]
[-39.93 -0.0]
[-39.9 -0.0]
[-39.87 -0.0]
[-39.82 -0.0]
[-39.79 0.0]
[-39.77 0.0]
[-39.74 -0.0]
[-39.73 0.0]
[-39.71 0.0]
[-39.69 0.0]
[-39.66 0.0]
[-39.62 -0.0]
[-39.59 -0.0]
[-39.56 0.0]
[-39.52 -0.0]
[-39.49 -0.0]
[-39.45 -0.0]
[-39.43 -0.0]
[-39.39 -0.0]
[-39.35 -0.0]
[-39.33 -0.0]
[-39.3 -0.0]
[-39.27 -0.0]
[-39.22 -0.0]
[-39.18 0.0]
[-39.15 0.0]
[-39.12 0.0]
[-39.11 0.0]
[-39.06 0.0]
[-39.03 0.0]
[-39.01 0.0]
[-38.98 0.0]
[-38.96 -0.0]
[-38.94 0.0]
[-38.91 0.0]
[-38.86 0.0]
[-38.83 0.0]
[-38.82 0.0]
[-38.79 0.0]
[-38.76 0.0]
[-38.73 0.0]
[-38.7 0.0]
[-38.66 0.0]
[-38.65 0.0]
[-38.62 0.0]
[-38.58 0.0]
[-38.53 0.0]
[-38.5 0.0]
[-38.48 0.0]
[-38.45 0.0]
[-38.39 0.0]
[-38.36 0.0]
[-38.32 0.0]
[-38.28 0.0]
[-38.27 -0.0]
[-38.23 -0.0]
[-38.21 -0.0]
[-38.17 -0.0]
[-38.15 -0.0]
[-38.13 -0.0]
[-38.11 0.0]
[-38.08 -0.0]
[-38.06 0.0]
[-38.04 0.0]
[-38.01 -0.0]
[-37.95 -0.0]
[-37.94 -0.0]
[-37.92 -0.0]
[-37.89 0.0]
[-37.85 -0.0]
[-37.82 -0.0]
[-37.81 -0.0]
[-37.75 0.0]
[-37.73 0.0]
[-37.71 0.0]
[-37.67 0.0]
[-37.62 -0.0]
[-37.59 -0.0]
[-37.57 -0.0]
[-37.53 -0.0]
[-37.52 -0.0]
[-37.49 -0.0]
[-37.45 -0.0]
[-37.41 -0.0]
[-37.37 -0.0]
[-37.34 -0.0]
[-37.32 -0.0]
[-37.26 -0.0]
[-37.24 -0.0]
[-37.21 -0.0]
[-37.16 0.0]
[-37.12 0.0]
[-37.09 0.0]
[-37.06 -0.0]
[-37.03 -0.0]
[-36.99 -0.0]
[-36.97 -0.0]
[-36.95 -0.0]
[-36.94 -0.0]
[-36.9 -0.0]
[-36.86 -0.0]
[-36.83 -0.0]
[-36.8 -0.0]
[-36.78 -0.0]
[-36.75 -0.0]
[-36.71 -0.0]
[-36.69 -0.0]
[-36.66 -0.0]
[-36.62 -0.0]
[-36.58 -0.0]
[-36.56 -0.0]
[-36.55 -0.0]
[-36.52 0.0]
[-36.49 -0.0]
[-36.45 -0.0]
[-36.44 -0.0]
[-36.41 -0.0]
[-36.38 0.0]
[-36.34 0.0]
[-36.29 0.0]
[-36.27 0.0]
[-36.24 0.0]
[-36.19 0.0]
[-36.15 -0.0]
[-36.11 -0.0]
[-36.09 -0.0]
[-36.06 0.0]
[-36.03 0.0]
[-36.0 0.0]
[-35.96 0.0]
[-35.93 0.0]
[-35.87 0.0]
[-35.83 0.0]
[-35.8 0.0]
[-35.77 0.0]
[-35.74 0.0]
[-35.72 0.0]
[-35.68 -0.0]
[-35.66 -0.0]
[-35.62 -0.0]
[-35.62 -0.0]
[-35.57 -0.0]
[-35.55 -0.0]
[-35.51 -0.0]
[-35.49 -0.0]
[-35.46 0.0]
[-35.45 0.0]
[-35.42 0.0]
[-35.37 0.0]
[-35.34 0.0]
[-35.32 -0.0]
[-35.28 -0.0]
[-35.25 0.0]
[-35.23 -0.0]
[-35.19 -0.0]
[-35.19 0.0]
[-35.16 0.0]
[-35.14 -0.0]
[-35.11 -0.0]
[-35.08 -0.0]
[-35.04 0.0]
[-35.01 0.0]
[-34.97 0.0]
[-34.94 0.0]
[-34.93 0.0]
[-34.87 -0.0]
[-34.86 -0.0]
[-34.81 -0.0]
[-34.77 -0.0]
[-34.72 -0.0]
[-34.69 -0.0]
[-34.67 -0.0]
[-34.63 -0.0]
[-34.6 -0.0]
[-34.57 -0.0]
[-34.55 -0.0]
[-34.52 -0.0]
[-34.5 0.0]
[-34.46 -0.0]
[-34.43 -0.0]
[-34.39 -0.0]
[-34.35 -0.0]
[-34.32 0.0]
[-34.28 -0.0]
[-34.26 0.0]
[-34.23 -0.0]
[-34.2 -0.0]
[-34.16 -0.0]
[-34.15 0.0]
[-34.12 0.0]
[-34.07 0.0]
[-34.05 0.0]
[-34.0 -0.0]
[-33.97 -0.0]
[-33.94 -0.0]
[-33.91 -0.0]
[-33.87 -0.0]
[-33.84 0.0]
[-33.82 0.0]
[-33.79 -0.0]
[-33.76 -0.0]
[-33.73 0.0]
[-33.7 0.0]
[-33.67 0.0]
[-33.65 0.0]
[-33.6 0.0]
[-33.58 0.0]
[-33.54 0.0]
[-33.51 0.0]
[-33.51 -0.0]
[-33.46 0.0]
[-33.43 0.0]
[-33.4 0.0]
[-33.36 0.0]
[-33.33 0.0]
[-33.3 0.0]
[-33.28 0.0]
[-33.27 0.0]
[-33.24 0.0]
[-33.21 0.0]
[-33.18 0.0]
[-33.14 -0.0]
[-33.12 -0.0]
[-33.1 -0.0]
[-33.09 -0.0]
[-33.07 -0.0]
[-33.01 0.0]
[-33.0 0.0]
[-32.99 0.0]
[-32.95 0.0]
[-32.89 0.0]
[-32.84 0.0]
[-32.82 0.0]
[-32.8 0.0]
[-32.75 0.0]
[-32.73 0.0]
[-32.7 0.0]
[-32.66 0.0]
[-32.64 0.0]
[-32.61 -0.0]
[-32.58 0.0]
[-32.56 0.0]
[-32.52 -0.0]
[-32.49 -0.0]
[-32.46 0.0]
[-32.42 0.0]
[-32.39 0.0]
[-32.37 0.0]
[-32.35 0.0]
[-32.31 0.0]
[-32.28 0.0]
[-32.24 0.0]
[-32.21 0.0]
[-32.18 0.0]
[-32.16 0.0]
[-32.13 0.0]
[-32.1 0.0]
[-32.05 0.0]
[-32.04 0.0]
[-32.0 0.0]
[-31.96 -0.0]
[-31.94 -0.0]
[-31.92 -0.0]
[-31.91 -0.0]
[-31.88 0.0]
[-31.84 -0.0]
[-31.8 -0.0]
[-31.78 0.0]
[-31.75 -0.0]
[-31.72 -0.0]
[-31.68 -0.0]
[-31.64 -0.0]
[-31.59 -0.0]
[-31.57 -0.0]
[-31.53 -0.0]
[-31.5 -0.0]
[-31.48 0.0]
[-31.45 -0.0]
[-31.44 -0.0]
[-31.41 0.0]
[-31.37 0.0]
[-31.33 0.0]
[-31.31 0.0]
[-31.28 -0.0]
[-31.26 0.0]
[-31.22 0.0]
[-31.19 0.0]
[-31.17 0.0]
[-31.14 0.0]
[-31.11 0.0]
[-31.08 0.0]
[-31.05 -0.0]
[-30.99 -0.0]
[-30.95 0.0]
[-30.92 0.0]
[-30.88 0.0]
[-30.86 0.0]
[-30.83 0.0]
[-30.79 0.0]
[-30.77 0.0]
[-30.74 -0.0]
[-30.7 0.0]
[-30.68 0.0]
[-30.63 0.0]
[-30.6 0.0]
[-30.57 0.0]
[-30.54 0.0]
[-30.52 0.0]
[-30.49 0.0]
[-30.45 0.0]
[-30.42 -0.0]
[-30.39 0.0]
[-30.38 -0.0]
[-30.36 -0.0]
[-30.34 -0.0]
[-30.3 -0.0]
[-30.26 -0.0]
[-30.21 -0.0]
[-30.18 -0.0]
[-30.15 -0.0]
[-30.13 -0.0]
[-30.11 -0.0]
[-30.08 -0.0]
[-30.06 -0.0]
[-30.04 -0.0]
[-30.01 -0.0]
[-29.98 -0.0]
[-29.97 -0.0]
[-29.93 -0.0]
[-29.89 -0.0]
[-29.85 -0.0]
[-29.81 0.0]
[-29.79 -0.0]
[-29.76 -0.0]
[-29.72 -0.0]
[-29.69 -0.0]
[-29.66 -0.0]
[-29.64 0.0]
[-29.62 0.0]
[-29.61 -0.0]
[-29.58 0.0]
[-29.53 0.0]
[-29.51 0.0]
[-29.47 0.0]
[-29.45 0.0]
[-29.43 -0.0]
[-29.4 -0.0]
[-29.36 0.0]
[-29.33 -0.0]
[-29.28 0.0]
[-29.24 -0.0]
[-29.21 0.0]
[-29.19 0.0]
[-29.15 0.0]
[-29.12 0.0]
[-29.09 0.0]
[-29.05 0.0]
[-29.03 0.0]
[-28.98 0.0]
[-28.97 -0.0]
[-28.94 0.0]
[-28.91 -0.0]
[-28.9 -0.0]
[-28.86 -0.0]
[-28.84 0.0]
[-28.81 -0.0]
[-28.78 -0.0]
[-28.74 -0.0]
[-28.7 0.0]
[-28.67 0.0]
[-28.64 0.0]
[-28.61 0.0]
[-28.59 0.0]
[-28.55 -0.0]
[-28.51 -0.0]
[-28.47 0.0]
[-28.46 0.0]
[-28.42 0.0]
[-28.39 0.0]
[-28.37 -0.0]
[-28.34 0.0]
[-28.31 0.0]
[-28.27 -0.0]
[-28.24 0.0]
[-28.21 -0.0]
[-28.18 -0.0]
[-28.16 0.0]
[-28.11 0.0]
[-28.08 -0.0]
[-28.05 0.0]
[-28.01 0.0]
[-27.98 0.0]
[-27.96 0.0]
[-27.94 -0.0]
[-27.91 0.0]
[-27.88 0.0]
[-27.85 0.0]
[-27.82 -0.0]
[-27.8 -0.0]
[-27.76 -0.0]
[-27.72 -0.0]
[-27.7 -0.0]
[-27.67 0.0]
[-27.63 -0.0]
[-27.6 -0.0]
[-27.57 -0.0]
[-27.54 -0.0]
[-27.5 -0.0]
[-27.48 -0.0]
[-27.45 -0.0]
[-27.43 -0.0]
[-27.4 -0.0]
[-27.35 -0.0]
[-27.33 0.0]
[-27.32 -0.0]
[-27.29 -0.0]
[-27.27 -0.0]
[-27.24 -0.0]
[-27.22 0.0]
[-27.19 -0.0]
[-27.13 -0.0]
[-27.09 -0.0]
[-27.06 0.0]
[-27.02 0.0]
[-26.98 0.0]
[-26.97 0.0]
[-26.94 0.0]
[-26.91 -0.0]
[-26.85 -0.0]
[-26.81 -0.0]
[-26.77 0.0]
[-26.74 0.0]
[-26.7 0.0]
[-26.7 0.0]
[-26.66 -0.0]
[-26.63 0.0]
[-26.59 0.0]
[-26.54 0.0]
[-26.5 0.0]
[-26.46 0.0]
[-26.44 -0.0]
[-26.41 -0.0]
[-26.39 -0.0]
[-26.36 -0.0]
[-26.34 -0.0]
[-26.29 -0.0]
[-26.27 0.0]
[-26.23 -0.0]
[-26.21 0.0]
[-26.17 0.0]
[-26.15 0.0]
[-26.11 0.0]
[-26.08 -0.0]
[-26.05 0.0]
[-26.02 0.0]
[-26.0 -0.0]
[-25.96 -0.0]
[-25.92 -0.0]
[-25.87 -0.0]
[-25.82 0.0]
[-25.8 -0.0]
[-25.77 0.0]
[-25.75 0.0]
[-25.73 0.0]
[-25.7 0.0]
[-25.65 0.0]
[-25.62 0.0]
[-25.59 0.0]
[-25.55 0.0]
[-25.53 -0.0]
[-25.49 0.0]
[-25.47 0.0]
[-25.46 0.0]
[-25.44 0.0]
[-25.41 0.0]
[-25.4 0.0]
[-25.37 0.0]
[-25.34 0.0]
[-25.32 0.0]
[-25.3 0.0]
[-25.25 -0.0]
[-25.23 0.0]
[-25.19 0.0]
[-25.17 0.0]
[-25.11 0.0]
[-25.11 0.0]
[-25.08 0.0]
[-25.04 -0.0]
[-25.01 -0.0]
[-24.98 -0.0]
[-24.93 -0.0]
[-24.9 -0.0]
[-24.85 0.0]
[-24.82 0.0]
[-24.78 0.0]
[-24.77 0.0]
[-24.74 0.0]
[-24.69 -0.0]
[-24.67 -0.0]
[-24.63 -0.0]
[-24.61 -0.0]
[-24.58 -0.0]
[-24.54 -0.0]
[-24.52 -0.0]
[-24.51 -0.0]
[-24.46 -0.0]
[-24.43 -0.0]
[-24.4 -0.0]
[-24.37 -0.0]
[-24.32 -0.0]
[-24.31 -0.0]
[-24.25 -0.0]
[-24.22 -0.0]
[-24.18 -0.0]
[-24.16 -0.0]
[-24.13 -0.0]
[-24.1 -0.0]
[-24.07 0.0]
[-24.05 0.0]
[-24.01 -0.0]
[-24.01 -0.0]
[-23.98 0.0]
[-23.97 0.0]
[-23.92 -0.0]
[-23.9 0.0]
[-23.87 0.0]
[-23.84 0.0]
[-23.8 0.0]
[-23.77 0.0]
[-23.74 0.0]
[-23.71 0.0]
[-23.68 0.0]
[-23.65 -0.0]
[-23.62 0.0]
[-23.58 0.0]
[-23.57 0.0]
[-23.52 0.0]
[-23.5 0.0]
[-23.46 0.0]
[-23.43 0.0]
[-23.37 0.0]
[-23.33 0.0]
[-23.31 0.0]
[-23.28 -0.0]
[-23.25 0.0]
[-23.23 -0.0]
[-23.2 -0.0]
[-23.18 -0.0]
[-23.15 -0.0]
[-23.14 -0.0]
[-23.13 0.0]
[-23.09 -0.0]
[-23.05 0.0]
[-23.02 0.0]
[-22.97 0.0]
[-22.94 0.0]
[-22.9 0.0]
[-22.85 0.0]
[-22.83 0.0]
[-22.8 0.0]
[-22.77 0.0]
[-22.74 0.0]
[-22.71 0.0]
[-22.68 0.0]
[-22.64 0.0]
[-22.63 0.0]
[-22.62 0.0]
[-22.59 0.0]
[-22.56 0.0]
[-22.52 0.0]
[-22.5 0.0]
[-22.46 0.0]
[-22.43 0.0]
[-22.39 0.0]
[-22.37 -0.0]
[-22.32 -0.0]
[-22.29 0.0]
[-22.26 0.0]
[-22.21 0.0]
[-22.19 0.0]
[-22.16 0.0]
[-22.14 -0.0]
[-22.11 0.0]
[-22.06 0.0]
[-22.02 0.0]
[-21.99 0.0]
[-21.96 0.0]
[-21.93 -0.0]
[-21.88 -0.0]
[-21.86 -0.0]
[-21.84 -0.0]
[-21.78 -0.0]
[-21.75 -0.0]
[-21.73 -0.0]
[-21.69 -0.0]
[-21.67 0.0]
[-21.64 0.0]
[-21.6 -0.0]
[-21.59 0.0]
[-21.56 -0.0]
[-21.53 -0.0]
[-21.49 -0.0]
[-21.45 -0.0]
[-21.44 -0.0]
[-21.38 -0.0]
[-21.35 0.0]
[-21.33 0.0]
[-21.3 -0.0]
[-21.27 0.0]
[-21.25 0.0]
[-21.21 0.0]
[-21.18 0.0]
[-21.15 0.0]
[-21.12 0.0]
[-21.08 0.0]
[-21.05 0.0]
[-21.01 0.0]
[-20.98 0.0]
[-20.96 0.0]
[-20.92 -0.0]
[-20.9 -0.0]
[-20.88 -0.0]
[-20.87 0.0]
[-20.85 0.0]
[-20.82 0.0]
[-20.79 0.0]
[-20.77 0.0]
[-20.73 -0.0]
[-20.7 0.0]
[-20.65 -0.0]
[-20.62 -0.0]
[-20.58 -0.0]
[-20.54 0.0]
[-20.52 -0.0]
[-20.49 0.0]
[-20.45 0.0]
[-20.45 0.0]
[-20.42 0.0]
[-20.38 -0.0]
[-20.35 -0.0]
[-20.33 -0.0]
[-20.28 -0.0]
[-20.26 -0.0]
[-20.23 -0.0]
[-20.21 -0.0]
[-20.18 0.0]
[-20.15 -0.0]
[-20.12 0.0]
[-20.08 0.0]
[-20.04 -0.0]
[-20.0 -0.0]
[-19.96 0.0]
[-19.93 -0.0]
[-19.89 -0.0]
[-19.87 -0.0]
[-19.83 -0.0]
[-19.81 -0.0]
[-19.78 -0.0]
[-19.77 -0.0]
[-19.72 -0.0]
[-19.68 0.0]
[-19.67 0.0]
[-19.64 0.0]
[-19.6 0.0]
[-19.56 0.0]
[-19.55 0.0]
[-19.52 0.0]
[-19.52 0.0]
[-19.48 0.0]
[-19.45 0.0]
[-19.41 0.0]
[-19.35 0.0]
[-19.33 0.0]
[-19.3 0.0]
[-19.26 -0.0]
[-19.22 -0.0]
[-19.19 0.0]
[-19.16 0.0]
[-19.14 0.0]
[-19.12 0.0]
[-19.09 0.0]
[-19.05 0.0]
[-19.02 0.0]
[-18.99 0.0]
[-18.95 0.0]
[-18.92 0.0]
[-18.89 0.0]
[-18.85 0.0]
[-18.83 0.0]
[-18.82 0.0]
[-18.79 0.0]
[-18.76 0.0]
[-18.73 0.0]
[-18.7 0.0]
[-18.65 0.0]
[-18.63 0.0]
[-18.6 0.0]
[-18.58 0.0]
[-18.54 0.0]
[-18.51 0.0]
[-18.5 0.0]
[-18.47 0.0]
[-18.44 0.0]
[-18.41 0.0]
[-18.39 0.0]
[-18.35 0.0]
[-18.31 0.0]
[-18.29 0.0]
[-18.25 -0.0]
[-18.21 0.0]
[-18.18 0.0]
[-18.15 0.0]
[-18.12 0.0]
[-18.07 0.0]
[-18.04 -0.0]
[-18.03 0.0]
[-17.99 0.0]
[-17.97 0.0]
[-17.93 -0.0]
[-17.9 0.0]
[-17.89 0.0]
[-17.88 0.0]
[-17.86 -0.0]
[-17.84 -0.0]
[-17.8 -0.0]
[-17.77 -0.0]
[-17.74 -0.0]
[-17.72 -0.0]
[-17.69 -0.0]
[-17.64 -0.0]
[-17.61 0.0]
[-17.58 0.0]
[-17.54 0.0]
[-17.5 0.0]
[-17.49 0.0]
[-17.46 -0.0]
[-17.44 -0.0]
[-17.41 -0.0]
[-17.39 -0.0]
[-17.36 -0.0]
[-17.32 0.0]
[-17.27 -0.0]
[-17.25 -0.0]
[-17.22 -0.0]
[-17.19 0.0]
[-17.14 -0.0]
[-17.13 -0.0]
[-17.1 -0.0]
[-17.05 -0.0]
[-17.03 -0.0]
[-16.99 -0.0]
[-16.97 -0.0]
[-16.94 0.0]
[-16.91 0.0]
[-16.88 0.0]
[-16.83 0.0]
[-16.79 0.0]
[-16.76 0.0]
[-16.72 0.0]
[-16.69 0.0]
[-16.65 0.0]
[-16.63 0.0]
[-16.6 0.0]
[-16.56 0.0]
[-16.52 0.0]
[-16.49 0.0]
[-16.46 0.0]
[-16.44 0.0]
[-16.41 0.0]
[-16.38 -0.0]
[-16.34 0.0]
[-16.32 0.0]
[-16.28 -0.0]
[-16.25 0.0]
[-16.22 0.0]
[-16.17 0.0]
[-16.16 -0.0]
[-16.13 0.0]
[-16.09 -0.0]
[-16.07 -0.0]
[-16.05 -0.0]
[-16.02 0.0]
[-15.98 0.0]
[-15.94 -0.0]
[-15.9 -0.0]
[-15.89 0.0]
[-15.84 0.0]
[-15.83 0.0]
[-15.81 0.0]
[-15.77 0.0]
[-15.76 0.0]
[-15.72 0.0]
[-15.68 0.0]
[-15.67 0.0]
[-15.63 0.0]
[-15.59 0.0]
[-15.56 0.0]
[-15.52 0.0]
[-15.49 0.0]
[-15.45 0.0]
[-15.42 0.0]
[-15.4 0.0]
[-15.34 0.0]
[-15.3 0.0]
[-15.29 0.0]
[-15.26 0.0]
[-15.24 0.0]
[-15.21 0.0]
[-15.17 0.0]
[-15.14 0.0]
[-15.1 0.0]
[-15.09 0.0]
[-15.05 0.0]
[-15.01 0.0]
[-14.98 0.0]
[-14.94 0.0]
[-14.91 0.0]
[-14.88 0.0]
[-14.85 0.0]
[-14.81 0.0]
[-14.77 0.0]
[-14.78 0.0]
[-14.74 0.0]
[-14.71 0.0]
[-14.66 0.0]
[-14.62 0.0]
[-14.58 0.0]
[-14.55 0.0]
[-14.52 0.0]
[-14.5 0.0]
[-14.47 0.0]
[-14.44 0.0]
[-14.41 0.0]
[-14.39 0.0]
[-14.36 0.0]
[-14.34 0.0]
[-14.3 0.0]
[-14.27 0.0]
[-14.25 0.0]
[-14.21 0.0]
[-14.16 0.0]
[-14.13 0.0]
[-14.09 0.0]
[-14.06 0.0]
[-14.03 0.0]
[-13.99 0.0]
[-13.97 0.0]
[-13.93 0.0]
[-13.9 0.0]
[-13.87 0.0]
[-13.85 0.0]
[-13.8 0.0]
[-13.78 0.0]
[-13.76 0.0]
[-13.72 0.0]
[-13.71 0.0]
[-13.67 0.0]
[-13.63 0.0]
[-13.6 0.0]
[-13.57 0.0]
[-13.53 0.0]
[-13.52 0.0]
[-13.48 0.0]
[-13.45 0.0]
[-13.43 0.0]
[-13.4 0.0]
[-13.38 0.0]
[-13.34 0.0]
[-13.33 0.0]
[-13.3 0.0]
[-13.25 0.0]
[-13.23 0.0]
[-13.2 0.0]
[-13.17 0.0]
[-13.14 0.0]
[-13.12 0.0]
[-13.09 0.0]
[-13.04 0.0]
[-13.01 0.0]
[-12.97 0.0]
[-12.94 0.0]
[-12.92 0.0]
[-12.9 0.0]
[-12.88 0.0]
[-12.82 0.0]
[-12.8 0.0]
[-12.75 0.0]
[-12.72 0.0]
[-12.67 0.0]
[-12.63 0.0]
[-12.61 0.0]
[-12.58 0.0]
[-12.56 0.0]
[-12.53 0.0]
[-12.49 0.0]
[-12.45 0.0]
[-12.41 0.0]
[-12.39 0.0]
[-12.37 0.0]
[-12.33 0.0]
[-12.31 0.0]
[-12.26 0.0]
[-12.24 0.0]
[-12.22 0.0]
[-12.2 0.0]
[-12.18 0.0]
[-12.16 0.0]
[-12.14 0.0]
[-12.11 0.0]
[-12.08 0.0]
[-12.05 0.0]
[-12.01 0.0]
[-11.98 0.0]
[-11.94 0.0]
[-11.91 0.0]
[-11.88 0.0]
[-11.84 0.0]
[-11.79 0.0]
[-11.75 0.0]
[-11.72 0.0]
[-11.7 0.0]
[-11.67 0.0]
[-11.63 0.0]
[-11.6 0.0]
[-11.58 0.0]
[-11.55 0.0]
[-11.53 0.0]
[-11.51 0.0]
[-11.46 0.0]
[-11.44 0.0]
[-11.41 0.0]
[-11.39 0.0]
[-11.36 0.0]
[-11.35 0.0]
[-11.33 0.0]
[-11.3 0.0]
[-11.26 0.0]
[-11.23 0.0]
[-11.19 0.0]
[-11.16 0.0]
[-11.14 0.0]
[-11.12 0.0]
[-11.1 0.0]
[-11.09 0.0]
[-11.05 0.0]
[-11.03 0.0]
[-10.99 0.0]
[-10.96 0.0]
[-10.93 0.0]
[-10.9 0.0]
[-10.87 0.0]
[-10.82 0.0]
[-10.78 0.0]
[-10.74 0.0]
[-10.71 0.0]
[-10.66 0.0]
[-10.62 0.0]
[-10.58 0.0]
[-10.55 0.0]
[-10.51 0.0]
[-10.47 0.0]
[-10.43 0.0]
[-10.4 0.0]
[-10.38 0.0]
[-10.32 0.0]
[-10.29 0.0]
[-10.25 0.0]
[-10.2 0.0]
[-10.18 0.0]
[-10.14 0.0]
[-10.11 0.0]
[-10.09 -0.0]
[-10.06 0.0]
[-10.03 0.0]
[-9.99 0.0]
[-9.96 0.0]
[-9.93 0.0]
[-9.92 0.0]
[-9.91 0.0]
[-9.89 0.0]
[-9.86 0.0]
[-9.84 0.0]
[-9.81 0.0]
[-9.78 0.0]
[-9.74 0.0]
[-9.73 0.0]
[-9.68 0.0]
[-9.65 0.0]
[-9.64 0.0]
[-9.61 0.0]
[-9.56 0.0]
[-9.53 0.0]
[-9.51 0.0]
[-9.47 0.0]
[-9.44 0.0]
[-9.4 0.0]
[-9.36 0.0]
[-9.33 0.0]
[-9.3 0.0]
[-9.27 0.0]
[-9.23 0.0]
[-9.21 0.0]
[-9.19 0.0]
[-9.15 -0.0]
[-9.12 -0.0]
[-9.09 -0.0]
[-9.06 0.0]
[-9.03 0.0]
[-9.01 0.0]
[-8.97 0.0]
[-8.92 0.0]
[-8.9 0.0]
[-8.85 0.0]
[-8.82 0.0]
[-8.8 0.0]
[-8.76 0.0]
[-8.74 0.0]
[-8.7 0.0]
[-8.67 0.0]
[-8.65 0.0]
[-8.63 0.0]
[-8.6 0.0]
[-8.58 0.0]
[-8.54 0.0]
[-8.51 0.0]
[-8.48 0.0]
[-8.43 0.0]
[-8.39 0.0]
[-8.38 0.0]
[-8.37 0.0]
[-8.33 0.0]
[-8.31 0.0]
[-8.26 0.0]
[-8.22 0.0]
[-8.19 0.0]
[-8.17 0.0]
[-8.14 0.0]
[-8.09 0.0]
[-8.05 0.0]
[-8.02 0.0]
[-8.01 0.0]
[-7.99 0.0]
[-7.96 0.0]
[-7.94 0.0]
[-7.9 0.0]
[-7.86 0.0]
[-7.83 0.0]
[-7.81 0.0]
[-7.79 0.0]
[-7.75 0.0]
[-7.7 0.0]
[-7.65 0.0]
[-7.63 0.0]
[-7.6 0.0]
[-7.56 0.0]
[-7.53 0.0]
[-7.5 0.0]
[-7.47 0.0]
[-7.43 0.0]
[-7.39 0.0001]
[-7.35 0.0]
[-7.33 0.0]
[-7.3 0.0]
[-7.26 0.0001]
[-7.23 0.0001]
[-7.19 0.0001]
[-7.18 0.0]
[-7.14 0.0001]
[-7.1 0.0001]
[-7.05 0.0001]
[-7.0 0.0001]
[-6.99 0.0]
[-6.98 0.0001]
[-6.96 0.0001]
[-6.93 0.0]
[-6.89 0.0]
[-6.86 0.0001]
[-6.83 0.0001]
[-6.79 0.0]
[-6.76 0.0001]
[-6.73 0.0001]
[-6.71 0.0]
[-6.67 0.0]
[-6.64 0.0]
[-6.62 0.0]
[-6.58 0.0]
[-6.54 0.0]
[-6.51 0.0]
[-6.46 0.0]
[-6.45 0.0]
[-6.44 0.0]
[-6.4 0.0]
[-6.37 0.0]
[-6.34 0.0001]
[-6.31 0.0001]
[-6.26 0.0001]
[-6.23 0.0001]
[-6.18 0.0001]
[-6.16 0.0]
[-6.13 0.0]
[-6.08 0.0]
[-6.06 0.0]
[-6.0 0.0]
[-5.98 0.0001]
[-5.95 0.0001]
[-5.93 0.0001]
[-5.91 0.0001]
[-5.86 0.0001]
[-5.83 0.0001]
[-5.8 0.0001]
[-5.76 0.0001]
[-5.72 0.0]
[-5.68 0.0]
[-5.67 0.0001]
[-5.64 0.0]
[-5.61 0.0001]
[-5.57 0.0]
[-5.53 0.0001]
[-5.5 0.0001]
[-5.49 0.0]
[-5.47 0.0001]
[-5.42 0.0]
[-5.39 0.0]
[-5.36 0.0]
[-5.34 0.0]
[-5.31 0.0]
[-5.27 0.0001]
[-5.24 0.0001]
[-5.22 0.0001]
[-5.2 0.0001]
[-5.17 0.0001]
[-5.13 0.0001]
[-5.1 0.0001]
[-5.07 0.0001]
[-5.03 0.0001]
[-5.01 0.0001]
[-4.96 0.0001]
[-4.95 0.0001]
[-4.91 0.0001]
[-4.88 0.0002]
[-4.85 0.0001]
[-4.83 0.0001]
[-4.79 0.0001]
[-4.76 0.0001]
[-4.72 0.0001]
[-4.68 0.0001]
[-4.65 0.0002]
[-4.64 0.0001]
[-4.6 0.0001]
[-4.58 0.0002]
[-4.54 0.0001]
[-4.51 0.0001]
[-4.48 0.0001]
[-4.45 0.0001]
[-4.43 0.0001]
[-4.4 0.0001]
[-4.36 0.0001]
[-4.35 0.0001]
[-4.32 0.0002]
[-4.29 0.0002]
[-4.26 0.0001]
[-4.24 0.0002]
[-4.2 0.0002]
[-4.16 0.0001]
[-4.13 0.0002]
[-4.1 0.0002]
[-4.07 0.0002]
[-4.03 0.0001]
[-4.0 0.0001]
[-3.97 0.0002]
[-3.93 0.0002]
[-3.87 0.0001]
[-3.84 0.0002]
[-3.8 0.0001]
[-3.77 0.0001]
[-3.73 0.0001]
[-3.71 0.0002]
[-3.68 0.0002]
[-3.66 0.0002]
[-3.63 0.0002]
[-3.62 0.0002]
[-3.58 0.0002]
[-3.55 0.0002]
[-3.53 0.0002]
[-3.48 0.0002]
[-3.45 0.0002]
[-3.41 0.0002]
[-3.37 0.0002]
[-3.35 0.0002]
[-3.32 0.0002]
[-3.29 0.0002]
[-3.26 0.0002]
[-3.22 0.0002]
[-3.2 0.0003]
[-3.18 0.0002]
[-3.15 0.0003]
[-3.11 0.0003]
[-3.08 0.0003]
[-3.04 0.0002]
[-3.01 0.0002]
[-2.96 0.0002]
[-2.9 0.0002]
[-2.88 0.0002]
[-2.83 0.0002]
[-2.79 0.0002]
[-2.76 0.0002]
[-2.71 0.0003]
[-2.68 0.0003]
[-2.65 0.0003]
[-2.62 0.0003]
[-2.59 0.0003]
[-2.57 0.0003]
[-2.54 0.0002]
[-2.52 0.0002]
[-2.48 0.0002]
[-2.46 0.0002]
[-2.43 0.0002]
[-2.39 0.0003]
[-2.33 0.0003]
[-2.3 0.0003]
[-2.28 0.0004]
[-2.26 0.0004]
[-2.23 0.0003]
[-2.21 0.0003]
[-2.16 0.0003]
[-2.14 0.0004]
[-2.12 0.0003]
[-2.1 0.0004]
[-2.07 0.0003]
[-2.04 0.0003]
[-2.01 0.0003]
[-1.95 0.0003]
[-1.92 0.0003]
[-1.87 0.0003]
[-1.86 0.0004]
[-1.83 0.0003]
[-1.79 0.0003]
[-1.77 0.0003]
[-1.74 0.0003]
[-1.7 0.0003]
[-1.66 0.0002]
[-1.63 0.0003]
[-1.59 0.0003]
[-1.56 0.0004]
[-1.51 0.0004]
[-1.48 0.0004]
[-1.45 0.0003]
[-1.42 0.0004]
[-1.39 0.0003]
[-1.36 0.0003]
[-1.34 0.0004]
[-1.3 0.0004]
[-1.27 0.0004]
[-1.26 0.0004]
[-1.24 0.0005]
[-1.19 0.0005]
[-1.16 0.0005]
[-1.12 0.0005]
[-1.1 0.0005]
[-1.06 0.0004]
[-1.02 0.0005]
[-0.95 0.0005]
[-0.93 0.0006]
[-0.88 0.0005]
[-0.85 0.0004]
[-0.81 0.0003]
[-0.77 0.0004]
[-0.75 0.0004]
[-0.72 0.0004]
[-0.71 0.0004]
[-0.69 0.0004]
[-0.65 0.0004]
[-0.62 0.0003]
[-0.57 0.0004]
[-0.53 0.0003]
[-0.5 0.0004]
[-0.46 0.0003]
[-0.42 0.0003]
[-0.4 0.0003]
[-0.36 0.0003]
[-0.34 0.0003]
[-0.3 0.0004]
[-0.27 0.0004]
[-0.24 0.0003]
[-0.22 0.0003]
[-0.17 0.0004]
[-0.14 0.0003]
[-0.11 0.0004]
[-0.07 0.0003]
[-0.05 0.0003]
[-0.01 0.0003]
[0.03 0.0004]
[0.05 0.0005]
[0.08 0.0006]
[0.11 0.0006]
[0.13 0.0006]
[0.17 0.0006]
[0.2 0.0006]
[0.23 0.0006]
[0.26 0.0006]
[0.28 0.0005]
[0.3 0.0006]
[0.32 0.0006]
[0.36 0.0007]
[0.39 0.0006]
[0.42 0.0006]
[0.46 0.0005]
[0.51 0.0006]
[0.53 0.0006]
[0.56 0.0006]
[0.57 0.0006]
[0.6 0.0006]
[0.61 0.0006]
[0.63 0.0005]
[0.67 0.0005]
[0.7 0.0006]
[0.74 0.0007]
[0.76 0.0007]
[0.8 0.0007]
[0.85 0.0008]
[0.91 0.0009]
[0.94 0.0008]
[0.98 0.0008]
[1.02 0.0007]
[1.05 0.0006]
[1.09 0.0005]
[1.11 0.0005]
[1.13 0.0006]
[1.15 0.0007]
[1.2 0.0008]
[1.22 0.0008]
[1.26 0.0007]
[1.3 0.0006]
[1.32 0.0006]
[1.33 0.0006]
[1.36 0.0006]
[1.38 0.0007]
[1.4 0.0008]
[1.44 0.0008]
[1.46 0.0009]
[1.48 0.0007]
[1.51 0.0007]
[1.54 0.0007]
[1.59 0.0008]
[1.63 0.0008]
[1.68 0.0009]
[1.7 0.0008]
[1.72 0.0007]
[1.75 0.0007]
[1.77 0.0008]
[1.78 0.0008]
[1.81 0.0008]
[1.86 0.0008]
[1.9 0.0009]
[1.94 0.001]
[1.99 0.0009]
[2.01 0.0011]
[2.04 0.0011]
[2.07 0.0012]
[2.11 0.0011]
[2.13 0.001]
[2.15 0.001]
[2.18 0.001]
[2.22 0.0011]
[2.26 0.001]
[2.29 0.0011]
[2.32 0.0011]
[2.35 0.0011]
[2.4 0.0012]
[2.44 0.0014]
[2.44 0.0012]
[2.49 0.0013]
[2.53 0.0013]
[2.56 0.0014]
[2.59 0.0014]
[2.62 0.0014]
[2.64 0.0014]
[2.68 0.0014]
[2.71 0.0015]
[2.74 0.0014]
[2.78 0.0014]
[2.83 0.0013]
[2.87 0.0012]
[2.9 0.0013]
[2.94 0.0014]
[2.97 0.0014]
[2.99 0.0014]
[3.02 0.0014]
[3.06 0.0014]
[3.09 0.0014]
[3.11 0.0013]
[3.14 0.0014]
[3.16 0.0015]
[3.19 0.0014]
[3.23 0.0016]
[3.26 0.0017]
[3.29 0.0016]
[3.32 0.0015]
[3.35 0.0015]
[3.38 0.0015]
[3.42 0.0015]
[3.44 0.0015]
[3.49 0.0015]
[3.51 0.0015]
[3.53 0.0015]
[3.56 0.0017]
[3.61 0.0017]
[3.64 0.0018]
[3.68 0.0018]
[3.71 0.0018]
[3.75 0.0017]
[3.78 0.0018]
[3.83 0.0018]
[3.87 0.0017]
[3.91 0.0018]
[3.94 0.0018]
[4.0 0.0018]
[4.04 0.0017]
[4.07 0.0018]
[4.09 0.0019]
[4.11 0.002]
[4.14 0.0019]
[4.17 0.002]
[4.19 0.002]
[4.23 0.002]
[4.24 0.002]
[4.28 0.0021]
[4.32 0.0025]
[4.37 0.0026]
[4.38 0.0025]
[4.4 0.0024]
[4.42 0.0023]
[4.46 0.0024]
[4.51 0.0025]
[4.53 0.0024]
[4.57 0.0025]
[4.6 0.0024]
[4.63 0.0024]
[4.66 0.0026]
[4.67 0.0026]
[4.72 0.0024]
[4.75 0.0024]
[4.79 0.0024]
[4.82 0.0024]
[4.84 0.0024]
[4.87 0.0025]
[4.9 0.0026]
[4.94 0.0025]
[4.98 0.0026]
[5.0 0.0025]
[5.02 0.0025]
[5.06 0.0027]
[5.12 0.0026]
[5.15 0.0028]
[5.17 0.0027]
[5.2 0.0027]
[5.23 0.0027]
[5.26 0.0028]
[5.31 0.0027]
[5.33 0.0028]
[5.35 0.0027]
[5.38 0.0026]
[5.4 0.0024]
[5.44 0.0026]
[5.48 0.0026]
[5.51 0.0028]
[5.55 0.0029]
[5.61 0.0029]
[5.64 0.0028]
[5.66 0.0029]
[5.71 0.0029]
[5.76 0.0031]
[5.77 0.0032]
[5.82 0.0034]
[5.86 0.0032]
[5.89 0.0032]
[5.92 0.003]
[5.95 0.0032]
[5.97 0.0033]
[6.0 0.0031]
[6.04 0.0029]
[6.07 0.0028]
[6.12 0.003]
[6.15 0.0032]
[6.16 0.0033]
[6.19 0.0034]
[6.24 0.0035]
[6.27 0.0035]
[6.32 0.0035]
[6.34 0.0036]
[6.38 0.0037]
[6.41 0.0039]
[6.44 0.0037]
[6.47 0.0037]
[6.49 0.0035]
[6.53 0.0036]
[6.56 0.0037]
[6.61 0.0042]
[6.64 0.004]
[6.65 0.0041]
[6.68 0.0042]
[6.71 0.0042]
[6.75 0.0044]
[6.76 0.0045]
[6.79 0.0044]
[6.83 0.0046]
[6.85 0.0045]
[6.88 0.004]
[6.91 0.0043]
[6.94 0.0045]
[6.97 0.0045]
[7.01 0.0047]
[7.05 0.0045]
[7.09 0.0045]
[7.13 0.0046]
[7.16 0.0045]
[7.17 0.0048]
[7.21 0.0046]
[7.23 0.0046]
[7.26 0.0044]
[7.29 0.0043]
[7.32 0.0045]
[7.34 0.0043]
[7.39 0.0047]
[7.42 0.0048]
[7.44 0.005]
[7.49 0.0053]
[7.52 0.0054]
[7.55 0.0054]
[7.57 0.0055]
[7.62 0.0057]
[7.62 0.0058]
[7.65 0.0057]
[7.68 0.0056]
[7.71 0.0056]
[7.74 0.0054]
[7.76 0.0053]
[7.79 0.0055]
[7.82 0.0058]
[7.84 0.0057]
[7.89 0.0056]
[7.93 0.0057]
[7.97 0.0058]
[8.0 0.006]
[8.05 0.0061]
[8.09 0.0061]
[8.11 0.0063]
[8.16 0.0063]
[8.21 0.0067]
[8.24 0.0068]
[8.27 0.0067]
[8.29 0.0067]
[8.33 0.0068]
[8.38 0.0068]
[8.4 0.0067]
[8.43 0.0067]
[8.45 0.0068]
[8.49 0.007]
[8.52 0.0071]
[8.54 0.0067]
[8.56 0.0069]
[8.6 0.007]
[8.64 0.0073]
[8.68 0.007]
[8.71 0.0072]
[8.74 0.0072]
[8.77 0.0073]
[8.79 0.0078]
[8.83 0.0078]
[8.87 0.0079]
[8.89 0.0079]
[8.91 0.0082]
[8.94 0.008]
[8.95 0.0081]
[8.98 0.0083]
[9.02 0.008]
[9.05 0.0077]
[9.07 0.0079]
[9.11 0.0083]
[9.15 0.008]
[9.19 0.0081]
[9.21 0.0085]
[9.24 0.0088]
[9.26 0.0087]
[9.29 0.0088]
[9.34 0.009]
[9.39 0.0089]
[9.44 0.0091]
[9.44 0.0093]
[9.48 0.0092]
[9.51 0.0091]
[9.54 0.009]
[9.56 0.0092]
[9.58 0.0092]
[9.6 0.0089]
[9.63 0.0091]
[9.67 0.0092]
[9.7 0.0095]
[9.73 0.0096]
[9.76 0.0096]
[9.79 0.0094]
[9.84 0.0098]
[9.86 0.0098]
[9.91 0.0099]
[9.93 0.01]
[9.97 0.0101]
[10.01 0.0102]
[10.04 0.0106]
[10.06 0.0102]
[10.1 0.0107]
[10.13 0.0106]
[10.16 0.0103]
[10.19 0.0103]
[10.23 0.0104]
[10.25 0.0103]
[10.26 0.01]
[10.29 0.0103]
[10.31 0.0105]
[10.35 0.0107]
[10.37 0.0107]
[10.41 0.0112]
[10.44 0.0113]
[10.47 0.0115]
[10.51 0.0117]
[10.54 0.0117]
[10.56 0.0117]
[10.6 0.0119]
[10.64 0.012]
[10.67 0.0119]
[10.72 0.0123]
[10.76 0.0123]
[10.79 0.0126]
[10.82 0.0123]
[10.85 0.0123]
[10.88 0.0127]
[10.92 0.0127]
[10.95 0.0125]
[10.98 0.0128]
[11.0 0.0128]
[11.03 0.013]
[11.06 0.0133]
[11.12 0.0138]
[11.15 0.0141]
[11.18 0.0136]
[11.22 0.0138]
[11.24 0.0137]
[11.25 0.0138]
[11.29 0.0143]
[11.29 0.0141]
[11.33 0.0146]
[11.36 0.0147]
[11.38 0.0147]
[11.43 0.0149]
[11.44 0.0152]
[11.48 0.0149]
[11.51 0.0151]
[11.54 0.0152]
[11.58 0.0157]
[11.62 0.0157]
[11.65 0.0159]
[11.67 0.0163]
[11.7 0.0168]
[11.72 0.0168]
[11.75 0.0171]
[11.78 0.0168]
[11.81 0.0168]
[11.83 0.017]
[11.86 0.0166]
[11.9 0.0166]
[11.92 0.0167]
[11.96 0.0171]
[11.98 0.0167]
[11.99 0.0164]
[12.01 0.0167]
[12.04 0.0169]
[12.07 0.0174]
[12.09 0.018]
[12.13 0.0182]
[12.17 0.0183]
[12.19 0.0185]
[12.21 0.0184]
[12.25 0.0188]
[12.28 0.0191]
[12.32 0.0196]
[12.33 0.0194]
[12.37 0.0192]
[12.41 0.0193]
[12.45 0.0192]
[12.49 0.0196]
[12.51 0.0197]
[12.54 0.0194]
[12.58 0.0193]
[12.63 0.0198]
[12.66 0.0195]
[12.71 0.0199]
[12.73 0.02]
[12.77 0.0206]
[12.79 0.0211]
[12.82 0.0214]
[12.84 0.0214]
[12.85 0.0213]
[12.89 0.0218]
[12.92 0.0219]
[12.94 0.0218]
[12.98 0.0222]
[13.0 0.0225]
[13.02 0.0223]
[13.05 0.0222]
[13.08 0.0221]
[13.12 0.0223]
[13.15 0.0223]
[13.2 0.023]
[13.22 0.0229]
[13.25 0.0228]
[13.28 0.0229]
[13.34 0.0235]
[13.37 0.0242]
[13.39 0.0238]
[13.41 0.0237]
[13.42 0.0239]
[13.44 0.0238]
[13.5 0.0245]
[13.52 0.0246]
[13.55 0.0249]
[13.59 0.0253]
[13.62 0.0256]
[13.64 0.0256]
[13.67 0.0257]
[13.69 0.0258]
[13.72 0.0257]
[13.74 0.0257]
[13.77 0.0259]
[13.78 0.0261]
[13.81 0.0261]
[13.84 0.0269]
[13.88 0.0273]
[13.9 0.0278]
[13.94 0.028]
[13.99 0.0277]
[14.0 0.0279]
[14.04 0.0283]
[14.07 0.0278]
[14.1 0.0282]
[14.12 0.0284]
[14.17 0.0284]
[14.2 0.0286]
[14.23 0.0287]
[14.26 0.0289]
[14.29 0.0292]
[14.32 0.0296]
[14.34 0.0295]
[14.38 0.0304]
[14.42 0.0308]
[14.46 0.0306]
[14.48 0.0305]
[14.53 0.0308]
[14.55 0.0313]
[14.57 0.0315]
[14.6 0.0318]
[14.62 0.0323]
[14.66 0.0325]
[14.68 0.0324]
[14.7 0.0323]
[14.72 0.0321]
[14.75 0.0324]
[14.78 0.0327]
[14.8 0.0329]
[14.83 0.0333]
[14.84 0.0333]
[14.86 0.033]
[14.89 0.0333]
[14.93 0.0342]
[14.96 0.0342]
[14.98 0.0338]
[15.0 0.034]
[15.02 0.0344]
[15.05 0.0349]
[15.08 0.0354]
[15.13 0.0356]
[15.18 0.0366]
[15.2 0.0369]
[15.23 0.0371]
[15.26 0.0374]
[15.3 0.0375]
[15.31 0.0375]
[15.34 0.0371]
[15.37 0.0367]
[15.41 0.0368]
[15.44 0.0374]
[15.47 0.0376]
[15.51 0.0382]
[15.54 0.0388]
[15.57 0.0396]
[15.59 0.0399]
[15.63 0.0401]
[15.66 0.0404]
[15.7 0.0409]
[15.74 0.0412]
[15.78 0.0415]
[15.8 0.0418]
[15.83 0.0419]
[15.86 0.0424]
[15.9 0.0421]
[15.92 0.0423]
[15.95 0.0431]
[15.97 0.0428]
[15.97 0.043]
[15.99 0.0432]
[16.02 0.0432]
[16.07 0.0436]
[16.09 0.0443]
[16.11 0.0446]
[16.17 0.0455]
[16.21 0.0461]
[16.24 0.0464]
[16.27 0.0466]
[16.28 0.0464]
[16.31 0.0464]
[16.32 0.0459]
[16.35 0.0458]
[16.4 0.0461]
[16.42 0.0464]
[16.43 0.0464]
[16.45 0.0468]
[16.48 0.0472]
[16.51 0.0472]
[16.54 0.0478]
[16.57 0.0484]
[16.61 0.049]
[16.64 0.0494]
[16.68 0.0496]
[16.71 0.0502]
[16.74 0.0501]
[16.77 0.0503]
[16.78 0.0504]
[16.81 0.0504]
[16.83 0.0509]
[16.85 0.0517]
[16.87 0.0519]
[16.92 0.0524]
[16.94 0.0527]
[16.96 0.0532]
[16.99 0.0537]
[17.0 0.0537]
[17.03 0.0539]
[17.05 0.0538]
[17.07 0.0544]
[17.1 0.0546]
[17.13 0.0543]
[17.16 0.0549]
[17.16 0.0546]
[17.18 0.0554]
[17.21 0.0554]
[17.25 0.0561]
[17.29 0.0568]
[17.33 0.057]
[17.35 0.0576]
[17.39 0.0586]
[17.42 0.0588]
[17.45 0.0591]
[17.49 0.0595]
[17.52 0.0603]
[17.55 0.0608]
[17.59 0.0615]
[17.62 0.0614]
[17.66 0.0621]
[17.68 0.0624]
[17.71 0.0629]
[17.73 0.0626]
[17.76 0.0634]
[17.78 0.0635]
[17.82 0.0644]
[17.85 0.0638]
[17.85 0.0645]
[17.88 0.065]
[17.89 0.0649]
[17.93 0.0653]
[17.95 0.0657]
[17.97 0.0657]
[17.99 0.0662]
[18.03 0.0668]
[18.05 0.067]
[18.07 0.0674]
[18.09 0.0675]
[18.11 0.0679]
[18.15 0.0689]
[18.17 0.0695]
[18.22 0.0695]
[18.25 0.0699]
[18.3 0.0708]
[18.32 0.071]
[18.37 0.0724]
[18.39 0.0735]
[18.42 0.0746]
[18.45 0.0754]
[18.47 0.0753]
[18.5 0.0766]
[18.5 0.076]
[18.52 0.0765]
[18.55 0.0771]
[18.58 0.078]
[18.6 0.0783]
[18.6 0.0781]
[18.6 0.0777]
[18.63 0.0779]
[18.65 0.0783]
[18.67 0.0789]
[18.7 0.0791]
[18.73 0.0797]
[18.77 0.08]
[18.79 0.0804]
[18.82 0.0809]
[18.84 0.0811]
[18.85 0.0812]
[18.86 0.0815]
[18.88 0.0816]
[18.91 0.0825]
[18.94 0.0829]
[18.99 0.0838]
[19.03 0.0844]
[19.08 0.0859]
[19.12 0.0864]
[19.15 0.0869]
[19.18 0.0872]
[19.22 0.0878]
[19.25 0.0886]
[19.24 0.0883]
[19.23 0.0889]
[19.26 0.0892]
[19.25 0.0889]
[19.28 0.0895]
[19.31 0.0893]
[19.34 0.0903]
[19.37 0.0906]
[19.41 0.0915]
[19.43 0.0921]
[19.48 0.0928]
[19.5 0.0926]
[19.52 0.093]
[19.56 0.0944]
[19.58 0.0946]
[19.6 0.0951]
[19.63 0.0951]
[19.66 0.0959]
[19.69 0.0967]
[19.72 0.0971]
[19.76 0.0984]
[19.8 0.0992]
[19.83 0.0997]
[19.85 0.0995]
[19.85 0.0999]
[19.88 0.1004]
[19.88 0.1001]
[19.9 0.0995]
[19.95 0.101]
[19.97 0.1018]
[20.0 0.1021]
[20.02 0.1028]
[20.03 0.1029]
[20.06 0.1037]
[20.1 0.1042]
[20.14 0.1048]
[20.16 0.1056]
[20.18 0.1057]
[20.22 0.106]
[20.23 0.1063]
[20.26 0.1067]
[20.29 0.1077]
[20.34 0.1088]
[20.36 0.1094]
[20.36 0.1093]
[20.4 0.1101]
[20.42 0.1108]
[20.45 0.1119]
[20.49 0.1119]
[20.53 0.1134]
[20.56 0.114]
[20.57 0.1142]
[20.57 0.114]
[20.6 0.114]
[20.62 0.1148]
[20.66 0.1157]
[20.67 0.1168]
[20.68 0.1172]
[20.71 0.117]
[20.74 0.1183]
[20.8 0.1197]
[20.83 0.1198]
[20.84 0.1202]
[20.83 0.1195]
[20.78 0.1182]
[20.69 0.1162]
[20.65 0.1147]
[20.67 0.1154]
[20.71 0.1168]
[20.75 0.118]
[20.8 0.1198]
[20.85 0.1208]
[20.9 0.1223]
[20.95 0.1234]
[20.98 0.1242]
[20.91 0.1225]
[20.73 0.1175]
[20.67 0.1159]
[20.63 0.1147]
[20.57 0.1136]
[20.57 0.1138]
[20.66 0.1159]
[20.73 0.1176]
[20.79 0.1193]
[20.86 0.1212]
[20.91 0.1221]
[20.95 0.123]
[21.03 0.1247]
[21.08 0.1262]
[21.16 0.1288]
[21.22 0.1305]
[21.29 0.1323]
[21.33 0.1333]
[21.36 0.134]
[21.04 0.1249]
[20.63 0.1152]
[20.55 0.1137]
[20.61 0.1142]
[20.7 0.1165]
[20.78 0.1183]
[20.84 0.1197]
[20.91 0.1216]
[20.98 0.1237]
[21.04 0.1251]
[21.11 0.1267]
[21.19 0.1291]
[21.24 0.1303]
[21.3 0.132]
[21.36 0.1337]
[21.42 0.1353]
[21.49 0.137]
[21.56 0.1395]
[21.64 0.1416]
[21.71 0.1437]
[21.76 0.1444]
[21.79 0.1452]
[21.84 0.1462]
[21.89 0.1477]
[21.92 0.148]
[21.97 0.1493]
[22.01 0.1504]
[22.05 0.1525]
[22.12 0.1545]
[22.17 0.1561]
[22.21 0.157]
[22.27 0.1588]
[22.26 0.1582]
[22.27 0.1583]
[22.28 0.1585]
[22.32 0.1596]
[22.36 0.1607]
[22.39 0.1617]
[22.42 0.1627]
[22.44 0.1635]
[22.49 0.1648]
[22.54 0.1667]
[22.59 0.1685]
[22.63 0.1698]
[22.63 0.1695]
[22.49 0.165]
[22.19 0.1552]
[21.73 0.1422]
[21.5 0.1361]
[21.57 0.138]
[21.64 0.1389]
[21.7 0.1411]
[21.77 0.1428]
[21.85 0.145]
[21.9 0.1468]
[21.92 0.1477]
[21.75 0.1428]
[21.58 0.1389]
[21.53 0.1377]
[21.61 0.1397]
[21.72 0.1422]
[21.81 0.1447]
[21.91 0.1476]
[22.01 0.1503]
[22.09 0.1522]
[22.06 0.1511]
[21.76 0.1422]
[21.6 0.1383]
[21.7 0.1408]
[21.79 0.1438]
[21.88 0.1465]
[21.97 0.1489]
[22.05 0.1512]
[22.13 0.1536]
[22.22 0.1561]
[22.29 0.1583]
[22.35 0.1595]
[22.27 0.1572]
[22.13 0.1534]
[22.18 0.155]
[22.28 0.1576]
[22.38 0.1606]
[22.47 0.1635]
[22.56 0.1661]
[22.64 0.1687]
[22.74 0.1713]
[22.81 0.1738]
[22.89 0.1765]
[22.97 0.1787]
[23.05 0.1816]
[23.13 0.1845]
[23.22 0.1872]
[23.3 0.1901]
[23.37 0.1927]
[23.43 0.1952]
[23.5 0.1975]
[23.55 0.1994]
[23.61 0.2014]
[23.65 0.2025]
[23.73 0.2052]
[23.78 0.2071]
[23.83 0.2093]
[23.87 0.2106]
[23.93 0.2128]
[23.97 0.2142]
[24.03 0.2165]
[24.08 0.2185]
[24.15 0.2209]
[24.2 0.2228]
[24.26 0.2249]
[24.31 0.2266]
[24.35 0.2284]
[24.34 0.228]
[24.25 0.2243]
[24.14 0.2202]
[24.04 0.2167]
[24.06 0.2178]
[24.1 0.2197]
[24.17 0.2222]
[24.24 0.2249]
[24.3 0.2272]
[24.37 0.2301]
[24.4 0.2313]
[24.39 0.2311]
[24.4 0.2315]
[24.41 0.2322]
[24.36 0.2301]
[24.23 0.2248]
[24.12 0.2209]
[24.16 0.2219]
[24.23 0.2249]
[24.29 0.2271]
[24.35 0.2292]
[24.43 0.2324]
[24.5 0.2351]
[24.56 0.2375]
[24.62 0.2402]
[24.68 0.2427]
[24.73 0.2447]
[24.78 0.2468]
[24.83 0.2489]
[24.84 0.2498]
[24.89 0.2523]
[24.96 0.2549]
[25.03 0.2582]
[25.09 0.2604]
[25.14 0.2625]
[25.18 0.2645]
[25.22 0.2661]
[25.24 0.2668]
[25.28 0.2685]
[25.31 0.27]
[25.33 0.271]
[25.35 0.2723]
[25.39 0.2739]
[25.45 0.2756]
[25.49 0.2777]
[25.53 0.2793]
[25.57 0.2811]
[25.6 0.2825]
[25.64 0.2837]
[25.65 0.2845]
[25.7 0.2867]
[25.73 0.2884]
[25.77 0.2904]
[25.81 0.2924]
[25.86 0.2944]
[25.9 0.2963]
[25.95 0.2987]
[25.99 0.3005]
[26.04 0.3029]
[26.07 0.304]
[26.09 0.3049]
[26.12 0.3065]
[26.14 0.3082]
[26.16 0.3089]
[26.17 0.3089]
[26.22 0.3113]
[26.23 0.3123]
[26.26 0.3132]
[26.28 0.3141]
[26.32 0.3157]
[26.36 0.3185]
[26.41 0.3209]
[26.49 0.3247]
[26.55 0.3278]
[26.58 0.3295]
[26.62 0.3313]
[26.64 0.3323]
[26.64 0.3322]
[26.64 0.332]
[26.62 0.3309]
[26.59 0.3298]
[26.55 0.3279]
[26.5 0.3258]
[26.48 0.3247]
[26.52 0.3266]
[26.57 0.3289]
[26.62 0.3316]
[26.68 0.3345]
[26.72 0.3368]
[26.73 0.3369]
[26.7 0.3359]
[26.71 0.3364]
[26.73 0.3371]
[26.74 0.3379]
[26.74 0.3378]
[26.76 0.3385]
[26.79 0.3406]
[26.83 0.3423]
[26.91 0.3466]
[26.97 0.3498]
[27.02 0.352]
[27.07 0.3546]
[27.11 0.3564]
[27.15 0.3588]
[27.16 0.3595]
[26.89 0.3457]
[26.4 0.3218]
[25.97 0.3019]
[25.85 0.2969]
[25.95 0.3016]
[26.05 0.3061]
[26.13 0.3098]
[26.22 0.3144]
[26.29 0.3177]
[26.37 0.3209]
[26.45 0.3242]
[26.54 0.3284]
[26.61 0.3326]
[26.7 0.3371]
[26.78 0.3411]
[26.85 0.3449]
[26.92 0.3485]
[27.01 0.3527]
[27.08 0.3566]
[27.16 0.3604]
[27.23 0.3643]
[27.3 0.3684]
[27.36 0.3713]
[27.41 0.3741]
[27.46 0.3768]
[27.5 0.3789]
[27.55 0.381]
[27.59 0.3838]
[27.63 0.3859]
[27.67 0.3884]
[27.73 0.3913]
[27.81 0.3958]
[27.84 0.3972]
[27.87 0.3993]
[27.89 0.4009]
[27.92 0.4023]
[27.97 0.4048]
[28.01 0.407]
[28.03 0.4082]
[28.04 0.4093]
[28.08 0.4115]
[28.14 0.4147]
[28.19 0.4178]
[28.24 0.4202]
[28.25 0.4213]
[28.3 0.4239]
[28.35 0.4263]
[28.32 0.4246]
[28.22 0.4186]
[28.2 0.4181]
[28.22 0.4192]
[28.23 0.4199]
[28.22 0.4193]
[28.2 0.4182]
[28.24 0.4204]
[28.3 0.424]
[28.35 0.4271]
[28.4 0.4298]
[28.43 0.4317]
[28.48 0.4349]
[28.54 0.438]
[28.6 0.4414]
[28.64 0.4438]
[28.69 0.4465]
[28.74 0.4491]
[28.77 0.4511]
[28.73 0.4487]
[28.72 0.4485]
[28.76 0.4504]
[28.81 0.4526]
[28.86 0.4557]
[28.92 0.4594]
[28.98 0.463]
[29.02 0.4655]
[29.06 0.4677]
[29.02 0.466]
[28.77 0.4514]
[28.35 0.4275]
[27.94 0.4051]
[27.81 0.3974]
[27.88 0.4018]
[27.96 0.4062]
[28.06 0.411]
[28.15 0.4162]
[28.23 0.4209]
[28.32 0.4254]
[28.4 0.4304]
[28.48 0.4346]
[28.55 0.4385]
[28.63 0.4432]
[28.72 0.448]
[28.79 0.4522]
[28.81 0.4534]
[28.57 0.4398]
[28.27 0.423]
[28.02 0.4091]
[27.9 0.4028]
[27.96 0.4061]
[28.06 0.4114]
[28.14 0.4162]
[28.24 0.4221]
[28.33 0.4272]
[28.4 0.4316]
[28.5 0.4369]
[28.59 0.4421]
[28.68 0.447]
[28.74 0.4505]
[28.8 0.454]
[28.88 0.459]
[28.97 0.4643]
[29.06 0.4688]
[29.15 0.4742]
[29.21 0.4782]
[29.28 0.482]
[29.32 0.4846]
[29.36 0.4874]
[29.4 0.4901]
[29.45 0.4933]
[29.52 0.4969]
[29.59 0.5009]
[29.65 0.5047]
[29.71 0.508]
[29.77 0.5114]
[29.83 0.5155]
[29.89 0.5194]
[29.95 0.5232]
[29.99 0.5259]
[30.0 0.5265]
[30.03 0.5283]
[30.08 0.5312]
[30.11 0.533]
[30.14 0.5352]
[30.19 0.5384]
[30.24 0.5413]
[30.3 0.5446]
[30.34 0.5471]
[30.39 0.5504]
[30.43 0.5529]
[30.49 0.5567]
[30.54 0.5595]
[30.58 0.5625]
[30.63 0.5657]
[30.67 0.5681]
[30.72 0.5709]
[30.76 0.5733]
[30.79 0.5752]
[30.84 0.5782]
[30.88 0.5807]
[30.9 0.5818]
[30.93 0.5841]
[30.96 0.5852]
[30.98 0.5866]
[31.01 0.5887]
[31.05 0.5903]
[31.11 0.5942]
[31.12 0.5952]
[31.16 0.5974]
[31.18 0.5991]
[31.21 0.6009]
[31.23 0.6018]
[31.26 0.6039]
[31.29 0.6057]
[31.32 0.6079]
[31.33 0.6088]
[31.35 0.6094]
[31.37 0.6111]
[31.39 0.6123]
[31.41 0.6135]
[31.44 0.6157]
[31.46 0.617]
[31.47 0.6177]
[31.51 0.62]
[31.52 0.6205]
[31.55 0.6224]
[31.57 0.6238]
[31.6 0.6256]
[31.61 0.6266]
[31.63 0.6276]
[31.63 0.6283]
[31.65 0.6295]
[31.68 0.6314]
[31.71 0.633]
[31.72 0.6334]
[31.74 0.635]
[31.77 0.637]
[31.79 0.6381]
[31.81 0.6396]
[31.83 0.6405]
[31.84 0.6413]
[31.87 0.6429]
[31.9 0.6456]
[31.93 0.648]
[31.95 0.6493]
[31.99 0.6516]
[32.01 0.6533]
[32.03 0.6545]
[32.04 0.6551]
[32.05 0.6559]
[32.07 0.6567]
[32.09 0.658]
[32.12 0.66]
[32.13 0.6614]
[32.16 0.6627]
[32.16 0.6637]
[32.18 0.6647]
[32.22 0.6667]
[32.22 0.6669]
[32.24 0.6681]
[32.26 0.6694]
[32.27 0.6704]
[32.29 0.6714]
[32.31 0.6726]
[32.34 0.6739]
[32.35 0.675]
[32.36 0.6755]
[32.39 0.6768]
[32.41 0.6783]
[32.43 0.6792]
[32.46 0.6812]
[32.47 0.6822]
[32.48 0.6832]
[32.48 0.6836]
[32.49 0.6848]
[32.51 0.6859]
[32.53 0.6869]
[32.54 0.688]
[32.58 0.6902]
[32.59 0.6903]
[32.6 0.6911]
[32.62 0.6921]
[32.65 0.6937]
[32.66 0.6946]
[32.67 0.6953]
[32.69 0.6963]
[32.71 0.6979]
[32.73 0.6994]
[32.75 0.7006]
[32.76 0.7013]
[32.78 0.7027]
[32.78 0.7026]
[32.8 0.7036]
[32.81 0.7042]
[32.83 0.7058]
[32.85 0.7068]
[32.87 0.7081]
[32.9 0.7097]
[32.92 0.711]
[32.94 0.7118]
[32.96 0.7135]
[32.97 0.7148]
[32.99 0.7164]
[33.0 0.7172]
[33.02 0.7181]
[33.05 0.72]
[33.07 0.7205]
[33.08 0.7217]
[33.09 0.7218]
[33.1 0.7228]
[33.12 0.7236]
[33.13 0.7244]
[33.14 0.7254]
[33.17 0.7271]
[33.18 0.7285]
[33.19 0.7289]
[33.19 0.7294]
[33.21 0.7313]
[33.22 0.7323]
[33.25 0.7333]
[33.26 0.7342]
[33.28 0.7354]
[33.3 0.7366]
[33.32 0.7377]
[33.34 0.739]
[33.36 0.7403]
[33.38 0.7415]
[33.39 0.7416]
[33.39 0.7416]
[33.39 0.7418]
[33.4 0.7417]
[33.41 0.7425]
[33.42 0.7434]
[33.43 0.7442]
[33.45 0.7452]
[33.47 0.7469]
[33.48 0.7481]
[33.5 0.7496]
[33.52 0.7506]
[33.53 0.7511]
[33.55 0.7521]
[33.55 0.7527]
[33.56 0.7527]
[33.58 0.7538]
[33.59 0.7544]
[33.6 0.7556]
[33.61 0.7559]
[33.62 0.7565]
[33.63 0.7571]
[33.64 0.7576]
[33.66 0.7588]
[33.67 0.7589]
[33.69 0.7599]
[33.69 0.7602]
[33.7 0.7611]
[33.72 0.7621]
[33.73 0.7629]
[33.75 0.7644]
[33.76 0.7656]
[33.78 0.7665]
[33.79 0.7673]
[33.81 0.7681]
[33.82 0.7686]
[33.84 0.7693]
[33.86 0.7706]
[33.87 0.7713]
[33.89 0.7724]
[33.89 0.7724]
[33.9 0.7729]
[33.91 0.7741]
[33.94 0.775]
[33.95 0.7758]
[33.96 0.7766]
[33.97 0.7773]
[33.99 0.7782]
[33.99 0.7787]
[34.02 0.7799]
[34.03 0.7806]
[34.04 0.7817]
[34.07 0.7832]
[34.08 0.7841]
[34.1 0.7855]
[34.12 0.787]
[34.13 0.7875]
[34.16 0.789]
[34.17 0.7901]
[34.18 0.7904]
[34.2 0.7914]
[34.22 0.7923]
[34.22 0.792]
[34.24 0.7929]
[34.24 0.793]
[34.25 0.7937]
[34.27 0.7948]
[34.29 0.796]
[34.3 0.7973]
[34.32 0.7988]
[34.34 0.7996]
[34.35 0.8007]
[34.37 0.8013]
[34.38 0.802]
[34.39 0.8024]
[34.39 0.8023]
[34.41 0.8031]
[34.42 0.8038]
[34.43 0.8044]
[34.43 0.8046]
[34.44 0.8052]
[34.44 0.8054]
[34.44 0.8056]
[34.44 0.8062]
[34.44 0.8063]
[34.45 0.807]
[34.45 0.8075]
[34.46 0.8077]
[34.46 0.808]
[34.48 0.8084]
[34.48 0.8084]
[34.49 0.809]
[34.51 0.8098]
[34.52 0.8105]
[34.53 0.8112]
[34.54 0.8117]
[34.55 0.8124]
[34.56 0.8127]
[34.57 0.8132]
[34.59 0.8145]
[34.6 0.8152]
[34.62 0.8161]
[34.63 0.817]
[34.64 0.8174]
[34.65 0.8181]
[34.65 0.8181]
[34.65 0.8182]
[34.66 0.8189]
[34.66 0.8189]
[34.68 0.8196]
[34.68 0.8202]
[34.7 0.8209]
[34.73 0.8223]
[34.74 0.8232]
[34.76 0.8242]
[34.77 0.8248]
[34.78 0.8252]
[34.78 0.8254]
[34.8 0.8266]
[34.81 0.8271]
[34.83 0.8277]
[34.84 0.8285]
[34.85 0.8292]
[34.86 0.8298]
[34.86 0.8297]
[34.86 0.8295]
[34.85 0.8291]
[34.87 0.8297]
[34.89 0.8305]
[34.91 0.8316]
[34.92 0.8323]
[34.93 0.8334]
[34.94 0.8341]
[34.95 0.8344]
[34.95 0.8346]
[34.96 0.8348]
[34.98 0.8357]
[34.99 0.836]
[34.99 0.836]
[34.99 0.8362]
[35.0 0.8367]
[35.0 0.8367]
[35.0 0.8368]
[35.01 0.8373]
[35.02 0.8382]
[35.04 0.8393]
[35.05 0.8403]
[35.06 0.8406]
[35.06 0.841]
[35.44 0.8639]
